# Created by Octave 8.4.0, Tue Apr 16 15:54:32 2024 EDT <coltonkawamura@Coltons-MacBook-Air.local>
# name: cleaned_particle_index
# type: matrix
# rows: 1
# columns: 1157
 3205 1930 3174 136 2591 3851 320 1173 2323 3661 987 4413 4109 2657 885 1459 18 1590 3792 356 158 3251 3830 1810 2636 11 3976 3232 2952 449 1455 1593 4069 2191 3593 687 1505 3543 231 2546 1389 684 798 3957 4115 2172 226 4376 2905 3594 4896 4130 3606 4309 2677 480 4051 2935 4551 363 3918 1293 4687 4127 944 915 3697 3636 3679 1847 2534 3855 1547 775 1704 1156 2495 4497 3953 2322 3950 2168 3361 3084 318 4920 105 1186 400 2382 2489 2124 839 1949 3443 2186 1157 4419 149 2049 4133 4954 4753 4682 2001 4934 3438 2538 180 4628 3794 1182 4318 4297 315 4992 3704 617 3496 4256 4240 1395 1830 3462 3952 3307 305 4987 3765 2073 774 3549 4425 1384 3874 3112 3646 2583 2239 3336 4026 4341 1320 1659 1271 452 878 4580 2654 304 278 258 106 162 3873 3801 3977 3673 3280 448 417 4902 2518 1998 3123 3454 4369 3760 134 3617 2797 2517 2908 4737 2432 396 1931 3362 3051 707 3620 547 2864 625 2125 239 2813 4862 3374 59 472 2302 1827 1401 2204 2549 790 2271 189 3667 3849 4201 4894 949 653 3353 2379 1213 3582 2424 3814 2658 593 831 4209 4736 1518 3824 4592 4665 4243 811 3698 543 4661 2328 1116 4508 3290 3576 4056 3589 1909 2286 2247 3684 1061 4479 2351 2188 736 3781 3065 74 241 2705 4545 2321 1902 1812 10 4773 926 4239 4289 2363 4921 3158 3189 2982 846 3903 1437 548 3752 83 705 2557 1205 1978 1094 4184 1605 1056 4168 3621 2506 1102 147 1020 118 1607 410 1270 2744 4754 4304 3413 2309 835 3509 197 3281 1650 438 1509 2893 2288 1155 4457 845 1336 764 1929 338 3754 804 2464 2116 3645 2502 592 354 3197 4400 2146 2387 4742 2635 3758 3309 1633 4877 4951 3240 3900 823 2945 2421 576 1962 1353 242 4404 3920 4674 431 2686 2510 1559 4503 1045 202 4442 4544 4797 1942 1452 1724 4007 4922 784 2438 4764 1628 403 15 1880 1410 2800 3129 4762 1417 664 4204 3910 4876 4919 313 4811 3881 386 1394 695 192 4560 553 1967 591 3 2423 4633 3528 3451 4744 4801 456 2410 1137 3121 1421 3728 2201 4181 415 751 1625 4734 702 3360 4886 1068 1680 1409 2133 3137 1286 1712 4724 1439 1291 4780 2544 2872 414 1321 2407 1617 4828 1074 4795 3879 3875 3210 188 656 2316 463 3729 809 989 418 1573 140 2023 1053 4012 2007 2641 4740 3709 1447 286 3656 2746 4172 4841 2392 545 4911 4748 4210 1632 332 196 2465 3829 4423 1042 1468 739 479 144 1614 3834 4091 3064 73 339 1252 71 1683 1267 1098 749 3936 4287 2877 3022 2261 3828 4047 1301 1923 1393 825 199 2681 833 4947 2441 696 1414 4215 422 3530 1284 1751 3297 4053 4938 3173 1600 1436 250 2911 1970 503 2663 4380 3072 2260 2820 3477 2378 1656 1694 1842 21 2339 4427 4459 4565 4564 4043 679 1565 549 3254 3059 3946 1802 4237 1534 1066 1529 3464 4512 1713 1374 4336 3259 584 2283 3625 3208 3907 1841 2585 1566 3640 395 2874 3767 161 1111 803 4538 1375 4408 1885 4960 2362 1043 394 2880 984 1309 399 2151 4385 3258 2090 4880 857 2350 2980 3337 3320 568 4193 1980 4700 2353 2102 4558 1364 1485 3968 1085 2162 1403 4308 268 3889 580 291 3225 2623 3638 1380 4547 3359 3611 1431 3532 2944 2043 1652 2217 2971 1692 324 413 2755 753 951 3091 1820 3642 697 1202 1076 3347 3487 3233 483 1747 2264 1004 3073 3356 4697 247 992 3862 4085 2238 2721 4849 4074 2161 4076 4179 1435 3596 1475 2917 3882 1739 3268 3119 3790 4205 3039 433 1120 1749 3242 211 48 12 1233 3736 3390 3670 4971 3652 1285 4783 4822 2888 1416 678 3160 4836 1296 957 2640 269 2148 4144 2684 1445 2494 4428 901 2064 2906 3302 646 1433 4488 3662 3637 141 1999 3779 4460 1882 212 4368 1256 2230 1412 26 2171 1149 2543 1215 1511 2520 2756 2105 4437 903 4784 3843 1717 330 358 1328 4086 3103 1530 2435 4728 920 2094 3699 3475 4883 4499 3469 4845 4224 2481 2811 317 4223 2118 2924 1716 3739 4984 1755 4075 3349 3795 2775 3747 72 3453 68 2128 1407 1579 4411 2554 2675 3421 4038 3131 1340 1183 439 1079 2931 1078 2843 4355 4080 1677 1848 67 3955 2890 3491 2451 3029 3588 3730 2972 4940 1993 2210 4532 2074 1622 4249 2076 446 3799 1047 450 2846 3607 29 2521 4306 3685 3744 3053 4277 1464 3303 4752 2933 1093 132 1515 3501 2731 1895 2356 3181 248 3153 3687 4977 907 454 1457 4454 2016 4994 3355 2340 3835 1544 3738 2752 3230 4111 2229 1703 2725 4823 700 2575 55 3263 3094 1308 4116 303 4052 4055 1578 1687 1945 2708 3156 1279 3686 2777 2605 884 3986 4212 4108 3821 299 895 2790 4278 3764 4603 3023 2950 4090 466 3439 4758 2749 3819 3525 1536 2645 3430 3441 2104 2714 1675 337 905 517 127 2957 3602 3447 556 4478 2539 689 1845 2610 932 2222 2765 3063 4504 4735 3590 425 2660 80 3024 2395 2236 437 3529 70 1723 2804 654 2431 3831 3292 1040 1209 1118 4314 2940 4295 4143 493 2507 1001 928 145 3902 4281 4578 4342 4915 2447 2915 151 2956 1148 2779 3552 4059 1269 2815 4802 1711 3273 572 4798 4928 3198 906 336 3261 4149 4489 2838 3429 2993 3877 4397 4467 711 3226 4349 1007 3301 3644 2357 2718 1814 104 4020 4180 1342 4897 2358 3170 3964 2448 612 4296 706 1363 1908 581 3316 2281 2386 157 3237 495 3689 657 3209 32 2760 1002 306 977 502 468 3546 3211 4045 1868 3318 1472 791 4399 3987 1886 2773 2428 998 887 4248 5000 1676 3995 334 2533 340 3675 4613 2903 812 4113 2470 4458 573 2252 3446 2370 1577 3028 4591 631 3485 2947 277 1752 3096 933 1323 2484 2416 4827 2408 4100 42 2850 4825 3495 4533 1795 546 3630 2733 2598 1837 341 225 4335 1482 2771 2200 3412 4415 991 3688 1813 3223 4473 1586 3965 135 2942 249 826 2825 3815 1917 3448 3265 473 2650 663 771 369 3004 1099 841 3030 2998 2336 3880 4293 1263 748 4719 1466 95 62 688 1803 685 4410 4153 4568 1463 3288 3538 2683 4164 2045 765 526 2867 3998 596 4221 4852 914 4513 967 2606 3671 3901 3961 1030 220 1490 1646 896 2206 3012 701 434 155 294 361 3523 3755 3701 380 1037 1350 740 2728 4599 4063 4577 4475 2180


