# Created by Octave 8.4.0, Tue Apr 16 15:04:26 2024 EDT <coltonkawamura@Coltons-MacBook-Air.local>
# name: cleaned_particle_index
# type: matrix
# rows: 1
# columns: 514
 3205 1930 3174 136 2591 3851 320 1173 2323 3661 987 4413 4109 2657 885 1459 18 1590 3792 356 158 3251 3830 1810 2636 11 3976 3232 2952 449 1455 1593 4069 2191 3593 687 1505 3543 231 2546 1389 684 798 3957 4115 2172 226 4376 2905 3594 4896 4130 3606 4309 2677 480 4051 2935 4551 363 3918 1293 4687 4127 944 915 3697 3636 3679 1847 2534 3855 1547 775 1704 1156 2495 4497 3953 2322 3950 2168 3361 3084 318 4920 105 1186 400 2382 2489 2124 839 1949 3443 2186 1157 4419 149 2049 4133 4954 4753 4682 2001 4934 3438 2538 180 4628 3794 1182 4318 4297 315 4992 3704 617 3496 4256 4240 1395 1830 3462 3952 3307 305 4987 3765 2073 774 3549 4425 1384 3874 3112 3646 2583 2239 3336 4026 4341 1320 1659 1271 452 878 4580 2654 304 278 258 106 162 3873 3801 3977 3673 3280 448 417 4902 2518 1998 3123 3454 4369 3760 134 3617 2797 2517 2908 4737 2432 396 1931 3362 3051 707 3620 547 2864 625 2125 239 2813 4862 3374 59 472 2302 1827 1401 2204 2549 790 2271 189 3667 3849 4201 4894 949 653 3353 2379 1213 3582 2424 3814 2658 593 831 4209 4736 1518 3824 4592 4665 4243 811 3698 543 4661 2328 1116 4508 3290 3576 4056 3589 1909 2286 2247 3684 1061 4479 2351 2188 736 3781 3065 74 241 2705 4545 2321 1902 1812 10 4773 926 4239 4289 2363 4921 3158 3189 2982 846 3903 1437 548 3752 83 705 2557 1205 1978 1094 4184 1605 1056 4168 3621 2506 1102 147 1020 118 1607 410 1270 2744 4754 4304 3413 2309 835 3509 197 3281 1650 438 1509 2893 2288 1155 4457 845 1336 764 1929 338 3754 804 2464 2116 3645 2502 592 354 3197 4400 2146 2387 4742 2635 3758 3309 1633 4877 4951 3240 3900 823 2945 2421 576 1962 1353 242 4404 3920 4674 431 2686 2510 1559 4503 1045 202 4442 4544 4797 1942 1452 1724 4007 4922 784 2438 4764 1628 403 15 1880 1410 2800 3129 4762 1417 664 4204 3910 4876 4919 313 4811 3881 386 1394 695 192 4560 553 1967 591 3 2423 4633 3528 3451 4744 4801 456 2410 1137 3121 1421 3728 2201 4181 415 751 1625 4734 702 3360 4886 1068 1680 1409 2133 3137 1286 1712 4724 1439 1291 4780 2544 2872 414 1321 2407 1617 4828 1074 4795 3210 188 656 2316 3729 809 418 3843 358 2435 3699 3475 4499 3469 4224 2811 4223 2118 2924 1716 3739 4984 1755 4075 3349 3795 2775 3747 72 3453 68 2128 1407 1579 4411 2554 2675 3421 4038 3131 1340 1183 439 1079 2931 1078 2843 4355 4080 1677 1848 67 3955 2890 3491 2451 3029 3588 3730 2972 4940 1993 2210 4532 2074 1622 4249 2076 446 3799 1047 450 2846 3607 29 2521 4306 3685 3744 3053 4277 1464 3303 4752 2933 1093 132 1515 2731 1895 3181 4977 1457


# name: initial_position_vector
# type: matrix
# rows: 1
# columns: 514
 1.0351575844937546 1.0743004344886276 1.2609472209055161 1.3279155247986831 1.3612777634650035 1.3712252748105611 1.4181927394903293 1.4666505332015884 1.4984548175697552 1.5624347906711316 1.5849483084154234 1.5884108081459321 1.5889923405284041 1.6006905717753364 1.6086883724284735 1.6561974789988814 1.6737019352587885 1.6898176282881525 1.6964359021871849 1.739688018163825 1.752262098613536 1.7760282625764026 1.8272954692982277 1.878116362824847 1.9454579431755747 2.007111134980827 2.0302726735151899 2.0634516620673331 2.0889628605376531 2.1224945410718767 2.1410352566789297 2.2157109359711078 2.2620356759853597 2.3145477984293126 2.3918976112002346 2.392380959906228 2.3955790542708701 2.5735216539740415 2.5824434890130554 2.5993904260322358 2.5998784093012124 2.6042634828139999 2.6754108805830907 2.709300302250464 2.7243384393635335 2.7815291740378125 2.795661185599732 2.8527067218803048 2.863894218625525 2.9108809354244043 2.9214456531521473 2.9357052584108771 2.9577748305705573 2.9969252626463891 3.0286591026782839 3.083477394369694 3.1610790717188841 3.2847588441340321 3.3038249806152855 3.3507425919687637 3.3626031766017013 3.4978490798502966 3.5307706207457956 3.5813583269180449 3.5867012564109482 3.5917122589104253 3.6125387252369694 3.6398326282665208 3.6588021107864739 3.6926219356362089 3.73895245329029 3.9581248615540847 3.9804156232860448 4.0710819144885226 4.0854242917729167 4.0887159962172994 4.1131126424279545 4.1190466854177608 4.1547287860227673 4.1565667065547691 4.2966039950490567 4.3101687826693365 4.3249844407348199 4.3409483241649864 4.4085374615971746 4.4202796060613592 4.5476246136392611 4.5808900197615916 4.6739165567157981 4.7209914646418198 4.7251859508682577 4.7550676819267661 4.804265563078272 4.8118885469054034 4.8199684696910889 4.9249318765428818 4.9594972778464008 4.9995790082399001 5.0541256977805427 5.0580904600532737 5.1106596254118459 5.134224804469345 5.1387365631239703 5.224608445861544 5.2785357026093429 5.3078766171752623 5.3215203457448252 5.3546578336116699 5.4036742700404625 5.4837072493072743 5.5996989746901509 5.6304419575073403 5.6306855108914551 5.6371066887246251 5.7223247720780126 5.7401173306012092 5.7418674952457645 5.7429547006645461 5.7947116877459379 5.9581423602545573 5.9911968676646765 6.0290524213933132 6.0639561456339877 6.1036378195858436 6.1680416252436601 6.1826391624569146 6.2575996512264505 6.271069611843342 6.3206772401122633 6.3327596199258451 6.3598919249213131 6.3999929086215879 6.4244767613002676 6.5507907485644843 6.5804857610665808 6.5879508210480928 6.6028382763610365 6.6132099210393749 6.6411020200851905 6.6580366299079499 6.6702060115035522 6.6938272042696374 6.7801777185789902 6.8209682295465326 6.8664010714000385 6.8930274684693886 6.9094505336785295 6.9488229965262098 7.0835186067747067 7.1015269861736936 7.1690437465178061 7.1977635894887486 7.244924473408151 7.2866575796262207 7.3994563052075959 7.40564710654305 7.4419777752282208 7.4573190948190593 7.4703324403687619 7.4898721638388279 7.5027105326361045 7.5191224795948433 7.5853363929565631 7.6463481972908482 7.6767108866917502 7.6790794922478529 7.6992680352338665 7.7808487624233891 7.7887804345833036 7.8081406512215352 7.8644158349044986 7.8760929913477682 7.8789223822518091 7.9065299419019279 8.0218924926016548 8.0255032627889324 8.0673551906707335 8.149765655377216 8.1621395114393103 8.2157821010921985 8.2175802346249629 8.3226653215651147 8.3693167011266585 8.393742449716175 8.4104542881369824 8.436506992884393 8.4492117355676157 8.5553352341455575 8.6494277249544442 8.6628261977630672 8.7097698374448509 8.8187482555712009 8.8336916883685461 8.8340819161955135 8.8354802734865761 8.870463014724784 8.9034380475492352 8.9097189418256963 8.9341587547255532 8.9400273739292633 8.9829640300040197 9.0067821322946653 9.048315173112961 9.1211333187487238 9.1488671055572723 9.4836332977640332 9.5022645211179277 9.5265826288996092 9.5342668746917649 9.5968602931215052 9.6109709404937966 9.6718412784929164 9.7507922689697963 9.7524535701607746 9.7703305315970486 9.7838373965093393 9.8198976455424187 9.8634310656376751 9.8723860670629406 9.9276217258700665 9.9467786959223403 9.9643865507744014 9.9678330670524833 9.9918538614030705 10.1208545977331 10.133758181841028 10.189576414296921 10.278771669675278 10.366763563359356 10.508238321526685 10.520827026222603 10.524368899698716 10.643841929131236 10.664499165438352 10.686980797884788 10.747553533892139 10.760045654551515 10.784116753473409 10.795335814107451 10.795591091517668 10.808057033022804 10.822383876216318 10.865365415156875 10.892649873977351 10.92679098925643 11.053540714159508 11.055488114977042 11.221149671911409 11.267188201570598 11.320973099347208 11.324373017359898 11.327711510779643 11.334064288588296 11.341158075356356 11.424305686133641 11.507354040749957 11.55707060097415 11.564007593657228 11.566667039953915 11.588730490787171 11.662002297835159 11.664624331185244 11.7378285030341 11.785187320199 11.826076447716726 11.847405187226503 11.883505563100151 11.931252063010053 11.99631410897956 12.011511775892624 12.061141627020321 12.078942895348764 12.123575002869924 12.201454113667591 12.243575189836182 12.281923559346003 12.312495939807457 12.406378939958538 12.406693777953942 12.521301692343231 12.564559282726867 